t = 30.00000000000189    V = 180.00000000000529    x = 2700.90000000005830
t = 30.00000000000189    V = 180.00000000000529    x = 2700.90000000005830
